ratio:
  perfect-unison: 1
  minor-second: 1.0594630943592953
  major-second: 1.122462048309373
  minor-third: 1.1892071150027212
  major-third: 1.2599210498948734
  perfect-fourth: 1.3348398541700346
  augmented-fourth: 1.4142135623730954
  diminished-fifth: 1.4142135623730954
  perfect-fifth: 1.5
  minor-sixth: 1.5874010519682
  major-sixth: 1.6817928305074297
  minor-seventh: 1.7817974362806794
  major-seventh: 1.887748625363388
  octave: 2
  golden-ratio: 1.61803398874989484

  s0: 1
  s1: 1.0594630943592953
  s2: 1.122462048309373
  s3: 1.1892071150027212
  s4: 1.2599210498948734
  s5: 1.3348398541700346
  s6: 1.4142135623730954
  s7: 1.5
  s8: 1.5874010519682
  s9: 1.6817928305074297
  s10: 1.7817974362806794
  s11: 1.887748625363388
  s12: 2
