ratios:
	perfect-unison: 1
	minor-second: 1.0594630943592953
	major-second: 1.122462048309373
	minor-third: 1.1892071150027212
	major-third: 1.2599210498948734
	perfect-fourth: 1.3348398541700346
	augmented-fourth: 1.4142135623730954
	diminished-fifth: 1.4142135623730954
	perfect-fifth: 1.5
	minor-sixth: 1.5874010519682
	major-sixth: 1.6817928305074297
	minor-seventh: 1.7817974362806794
	major-seventh: 1.887748625363388
	perfect-octave: 2
  golden_ratio: 1.61803398874989484

